,n,success_rate,violation_rate,tokens_input_mean,tokens_output_mean,latency_ms_mean
selfcheckgpt,57.0,0.7543859649122807,0.24561403508771928,9858.280701754386,637.2105263157895,10661.582978789642
tot,54.0,0.8148148148148148,0.18518518518518517,33748.77777777778,1857.962962962963,47406.335675130256
